
1021
1021
1021
1021
1021
998
946
888
828
768
730
720
698
655
592
514
425
330
235
149
71
5
0
0
0
0
0
0
0
0
0
0
0
0
0
0
0
7
172
506
829
1021
1021
1021
1021
1021
1010
960
898
835
778
735
722
691
634
556
464
362
261
173
97
34
0
0
0
0
0
0
0
0
0
0
0
0
0
0
151
512
862
1021
1021
1021
1021
1018
983
926
861
801
744
725
702
653
578
488
384
276
182
100
28
0
0
0
0
0
0
0
0
0
0
0
0
0
23
241
600
885
1021
1021
1018
983
935
872
802
743
738
740
718
672
607
527
438
343
253
173
101
42
0
0
0
0
0
0
0
0
0
0
3
144
472
803
994
1021
1021
992
941
878
803
739
728
726
705
660
592
507
410
306
214
134
63
5
0
0
0
0
0
0
0
0
0
0
0
16
222
592
907
1021
1021
1021
1021
1016
977
917
856
808
770
745
748
733
691
622
537
443
348
259
185
123
72
32
0
0
0
0
0
0
0
0
18
193
558
899
1021
1021
1021
1021
1018
973
909
837
766
723
703
667
604
519
419
308
202
110
31
0
0
0
0
0
0
0
0
0
0
0
0
0
0
14
222
586
880
1021
1021
1018
983
937
877
803
736
716
700
668
615
541
450
346
242
150
68
0
0
0
0
0
0
0
0
0
0
0
0
0
0
41
277
629
884
990
1003
962
907
844
767
714
696
679
656
618
563
494
411
315
226
148
81
25
0
0
0
0
0
0
0
0
0
0
0
12
183
524
835
997
1021
1016
975
920
860
788
730
716
704
676
628
559
475
377
275
187
112
51
0
0
0
0
0
0
0
0
0
0
0
0
0
12
174
522
850
1021
1021
1021
1020
990
934
863
797
738
722
701
660
598
519
426
325
228
143
69
7
0
0
0
0
0
0
0
0
0
0
0
0
0
21
216
578
887
1021
1021
1021
1015
976
913
846
778
731
721
701
659
596
515
421
315
216
127
54
0
0
0
0
0
0
0
0
0
0
0
0
0
29
247
627
913
1021
1021
990
930
865
787
726
718
711
685
635
563
475
378
283
200
131
74
30
0
0
0
0
0
0
0
0
0
10
122
439
793
989
1021
1018
980
920
851
772
726
719
704
667
605
523
423
318
226
148
82
29
0
0
0
0
0
0
0
0
0
0
0
25
222
597
900
1021
1021
1021
999
944
870
801
745
736
727
693
632
550
453
347
247
163
95
38
0
0
0
0
0
0
0
0
0
0
0
1
123
473
842
1021
1021
1021
1021
1000
944
878
810
744
726
703
651
573
475
368
263
177
104
42
0
0
0
0
0
0
0
0
0
0
0
0
112
445
801
998
1021
1019
984
938
869
789
732
730
722
691
636
559
461
356
260
179
111
54
5
0
0
0
0
0
0
0
0
47
304
682
938
1021
1020
998
951
879
797
730
714
697
659
598
516
419
315
218
133
61
1
0
0
0
0
0
0
0
0
0
0
26
269
670
967
1021
1021
1021
1021
992
928
847
774
727
707
667
600
510
405
298
207
127
56
0
0
0
0
0
0
0
0
0
0
0
0
82
408
802
1021
1021
1021
1021
1016
972
895
813
741
716
685
627
543
443
334
228
134
49
0
0
0
0
0
0
0
0
0
0
0
0
0
50
338
736
989
1021
1021
1021
1005
945
866
790
738
734
719
673
600
506
397
284
185
102
34
0
0
0
0
0
0
0
0
0
0
14
240
635
934
1021
1021
1021
998
945
868
792
741
743
736
695
622
526
417
303
203
118
49
0
0
0
0
0
0
0
0
0
0
1
38
204
598
969
1021
1021
1021
1021
1021
1019
971
915
854
787
725
688
631
548
448
338
236
151
77
11
0
0
0
0
0
0
0
0
0
0
0
16
258
669
973
1021
1021
1021
1021
1003
932
848
766
722
698
650
574
475
360
243
139
45
0
0
0
0
0
0
0
0
0
0
0
0
0
0
85
395
760
966
1021
1006
968
918
848
768
725
721
705
662
596
508
407
298
200
116
47
0
0
0
0
0
0
0
0
0
0
0
90
395
761
975
1021
1021
995
940
861
774
722
713
695
654
591
507
409
302
207
126
58
5
0
0
0
0
0
0
0
0
0
0
9
184
559
890
1021
1021
1021
1020
980
905
821
747
726
712
676
612
524
420
312
216
134
62
1
0
0
0
0
0
0
0
0
0
0
0
116
462
820
1016
1021
1021
1005
961
889
803
732
711
688
644
576
490
390
279
181
97
28
0
0
0
0
0
0
0
0
0
0
0
13
167
508
830
995
1021
1006
949
878
797
734
731
732
714
674
610
524
423
315
219
136
68
15
0
0
0
0
0
0
0
6
169
509
809
962
1012
1000
955
888
804
732
722
726
717
683
620
534
431
324
233
153
81
23
0
0
0
0
0
0
0
23
262
639
903
1018
1021
1015
983
922
832
736
687
655
618
562
484
394
299
216
142
73
15
0
0
0
0
0
0
0
0
0
0
57
371
786
1021
1021
1021
1021
1021
987
909
823
742
708
677
623
545
447
342
244
163
93
30
0
0
0
0
0
0
0
0
0
0
0
39
315
708
967
1021
1021
1018
982
920
845
769
729
726
709
662
585
485
373
263
173
95
31
0
0
0
0
0
0
0
0
0
25
266
651
929
1021
1021
995
927
839
744
705
687
659
607
527
411
250
64
0
0
0
0
0
0
0
0
0
0
0
0
0
0
20
279
619
832
901
899
866
831
782
738
748
746
734
702
650
584
506
420
330
249
183
129
85
52
23
0
0
0
0
0
0
0
0
16
258

