
606
604
592
577
560
541
519
502
489
478
467
454
437
419
399
380
361
344
328
314
302
291
282
274
268
262
257
252
248
243
237
231
225
219
214
218
251
319
417
508
569
596
599
588
570
551
528
509
494
481
469
457
441
422
399
372
345
319
297
279
266
256
248
243
240
237
234
230
226
220
213
207
203
203
228
295
401
501
564
587
583
566
546
526
510
494
480
468
455
439
419
397
374
350
327
308
292
279
268
261
256
251
246
242
237
233
227
221
215
208
212
251
335
439
525
569
577
563
542
521
502
481
462
448
438
426
410
389
364
338
312
290
272
260
252
247
244
243
242
240
237
235
231
228
227
245
303
399
492
554
575
569
550
529
511
491
473
461
454
447
434
416
394
371
347
325
304
287
274
265
258
254
250
246
244
241
239
235
231
231
258
331
432
520
570
585
577
560
541
522
504
485
470
458
445
431
416
398
378
357
336
318
302
290
281
272
264
258
254
250
247
243
239
235
233
252
317
418
514
575
597
593
576
555
533
514
496
481
466
454
440
422
401
380
358
338
319
303
290
281
275
271
267
263
259
256
252
249
244
238
233
235
268
345
448
533
578
586
571
547
525
507
487
467
450
438
426
411
393
373
353
333
314
298
286
277
271
265
261
257
254
251
249
246
241
235
230
236
277
359
457
534
571
573
557
533
513
494
475
461
452
444
432
418
399
378
355
333
312
295
283
274
268
263
259
257
255
251
247
242
238
237
260
328
429
520
574
589
580
560
537
517
497
477
463
452
441
427
410
390
368
345
321
298
278
263
252
245
241
238
237
236
235
234
231
228
226
226
247
317
425
528
592
618
618
603
582
560
535
513
496
484
472
454
434
410
386
362
339
318
299
285
273
261
252
244
239
235
232
228
225
222
219
217
219
246
322
431
528
586
605
601
584
563
539
515
494
477
465
453
440
422
402
384
367
352
337
325
315
306
295
284
273
263
253
243
232
222
213
208
209
240
326
440
534
578
582
565
541
519
501
489
489
492
489
476
454
427
396
365
338
316
300
289
282
278
276
272
266
256
247
241
239
247
297
397
501
570
593
586
562
532
506
481
458
445
437
426
410
388
362
338
317
299
283
270
261
255
251
248
244
238
230
223
218
216
217
243
327
448
553
608
622
610
590
570
549
525
509
498
491
479
460
436
407
378
352
329
311
297
287
280
274
267
262
258
254
249
241
230
224
234
289
397
507
575
596
589
572
552
529
506
484
465
450
434
412
387
364
346
332
318
303
292
283
274
266
261
256
251
246
240
233
228
225
235
285
383
483
549
566
558
540
525
511
493
476
464
455
443
426
407
387
366
345
327
313
301
291
285
282
279
274
268
262
257
256
285
357
449
519
549
542
523
507
491
471
451
438
427
416
401
384
363
342
322
303
287
272
263
256
252
248
244
240
236
232
228
226
249
322
425
511
557
567
557
538
522
507
488
471
455
440
422
401
378
356
336
317
301
286
275
266
260
255
252
250
247
241
236
231
225
227
268
359
466
541
570
568
554
535
518
498
476
456
438
420
399
375
350
325
304
288
274
261
252
249
248
247
244
240
238
235
230
224
220
225
265
352
455
530
562
560
539
519
503
485
468
455
444
432
416
397
376
354
333
314
298
285
272
263
257
252
248
248
248
246
245
246
270
338
436
517
557
561
547
529
518
502
482
465
453
441
424
402
379
356
336
317
301
286
275
266
261
258
259
260
261
264
270
277
286
303
360
459
556
613
633
627
610
590
565
533
508
489
473
457
440
419
396
373
351
331
313
298
286
276
269
262
257
252
248
243
239
236
233
234
260
335
438
523
564
566
551
532
520
503
481
460
440
421
399
376
353
331
310
294
281
270
263
256
251
246
243
240
237
233
228
223
219
217
229
283
375
470
532
551
543
528
517
502
481
462
449
439
427
412
394
375
355
338
321
304
291
281
273
267
263
260
258
258
257
256
264
308
388
472
528
545
532
514
496
475
454
436
427
420
412
399
382
362
341
320
302
289
281
275
269
264
259
252
245
239
235
231
229
246
307
403
488
536
545
533
521
510
496
478
459
443
431
415
398
380
361
342
323
305
289
279
274
273
272
272
272
270
265
258
252
247
257
309
403
493
549
561
548
527
511
493
470
449
434
423
411
397
382
366
350
333
318
303
292
285
281
277
277
280
283
284
283
280
278
288
341
432
518
567
580
578
570
556
533
510
496
486
476
461
441
420
398
380
367
361
358
355
350
347
349
353
353
351
353
377
441
537
615
658
671
664
647
628
605
580
554
527
503
479
459
441
418
389
357
330
312
302
295
287
277
266
259
259
266
294
366
470
566
626
652
657
650
635
608
575
551
532
517
497
471
438
401
368
342
318
291
263
237
213
193
176
161
145
129
119
121
153
228
321
391
427
430
417
404
387
364
339
319
302
286
266
244
221
200
182
167
157
152
151
152
157
163
169
174
178
179
180
180
189
230
314
411
484
520
527
515
499
482
461
443
432
426
420
412
407
401
389
369
346
325
308
292
279
268
261
256
254
252
248
245
265
327
411
476
503
503
489
471
451
429
410
400
395
393
392
395
418
455
508
568
622
670
717
738
724
676
613
552
505
470
440
422
442
501
563
594
593
571
539
510
485
458
435
416
401
386
367
346
324
303
285
269
256
249
243
237
231
227
226
224
224
224
225
224
224
232
282
374

