
3
13
34
56
78
99
120
144
166
189
212
235
259
281
304
327
350
372
396
418
440
461
482
502
524
544
565
585
607
627
648
669
690
710
732
752
773
794
817
839
863
886
910
934
958
982
1006
1031
1056
1081
1105
1131
1156
1180
1206
1230
1256
1281
1305
1331
1354
1378
1401
1424
1446
1470
1492
1515
1539
1561
1584
1607
1630
1652
1676
1698
1724
1748
1773
1800
1825
1851
1878
1903
1929
1953
1978
2003
2028
2053
2078
2103
2128
2153
2178
2203
2228
2252
2277
2299
2323
2345
2368
2392
2414
2437
2460
2483
2505
2529
2551
2574
2598
2623
2648
2673
2699
2725
2751
2776
2801
2826
2850
2876
2900
2926
2951
2975
3001
3025
3050
3076
3100
3126
3150
3174
3197
3220
3243
3266
3289
3311
3335
3357
3380
3403
3426
3450
3476
3501
3526
3552
3577
3603
3628
3653
3678
3702
3728
3752
3777
3803
3827
3853
3877
3902
3928
3952
3976
3999
4022
4044
4068
4090
4113
4136
4159
4182
4205
4228
4251
4275
4299
4325
4349
4375
4402
4427
4454
4480
4504
4530
4554
4579
4604
4629
4655
4679
4704
4729
4754
4779
4804
4829
4854
4879
4902
4927
4950
4972
4996
5018
5041
5064
5087
5109
5134
5158
5184
5209
5234
5261
5286
5312
5339
5363
5389
5413
5438
5464
5488
5513
5538
5563
5588
5613
5638
5663
5687
5709
5733
5755
5778
5801
5824
5847
5870
5893
5916
5939
5961
5985
6007
6031
6056
6081
6106
6132
6158
6184
6209
6234
6259
6284
6308
6334
6359
6384
6409
6433
6459
6483
6508
6534
6557
6581
6603
6626
6649
6672
6694
6718
6740
6763
6787
6809
6832
6855
6878
6901
6927
6951
6976
7002
7027
7053
7077
7102
7128
7152
7177
7202
7227
7252
7277
7302
7327
7352
7376
7402
7426
7450
7473
7495
7519
7541
7564
7587
7610
7632
7656
7678
7701
7726
7750
7775
7800
7825
7852
7877
7902
7927
7952
7976
8002
8027
8052
8077
8101
8127
8152
8176
8202
8226
8252
8275
8298
8322
8344
8367
8390
8413
8435
8459
8481
8504
8527
8550
8572
8597
8622
8647
8672
8697
8724
8750
8775
8801
8825
8851
8876
8900
8926
8950
8975
9000
9025
9051
9075
9100
9125
9149
9171
9195
9218
9240
9264
9286
9310
9332
9355
9378
9401
9423
9447
9469
9493
9519
9543
9568
9594
9620
9647
9672
9697
9722
9747
9772
9797
9822
9847
9872
9896
9922
9947
9971
9997
10022
10049
10074
10098
10124
10148
10173
10199
10223
10249
10273
10298
10323
10348
10373
10399
10426
10454
10480
10509
10536
10563
10591
10617
10645
10672
10698
10726
10753
10780
10807
10833
10861
10888
10915
10942
10968
10994
11019
11044
11069
11094
11119
11144
11168
11194
11218
11245
11272
11298
11326
11353
11381
11409
11436
11463
11490
11517
11544
11571
11598
11625
11653
11679
11707
11734
11760
11788
11813
11840
11865
11889
11915
11939
11964
11990
12014
12040
12064
12089
12114
12140
12167
12194
12221
12250
12277
12306
12333
12359
12387
12413
12441
12468
12494
12522
12549
12576
12603
12630
12657
12684
12710
12736
12761
12786
12811
12835
12861
12886
12911
12936
12960
12986
13010
13035
13063
13089
13117
13145
13173
13201
13229
13257
13284
13312
13338
13365
13392
13419
13447
13473
13500
13528
13554
13582
13608
13634
13660
13684
13710
13734
13759
13785
13809
13834
13859
13884
13910
13934
13961
13988
14015
14043
14070
14098
14126
14152
14180
14206
14233
14261
14287
14315
14342
14369
14396
14423
14450
14477
14504
14530
14555
14580
14605
14629
14655
14680
14705
14730
14754
14781
14808
14835
14862
14889
14918
14945
14972
14999
15026
15053
15080
15108
15134
15161
15188
15215
15243
15269
15296
15323
15347
15373
15397
15422
15448
15472
15497
15522
15547
15572
15597
15623
15650
15677
15705
15732
15760
15789
15816
15844
15870
15897
15925
15951
15979
16006
16033
16060
16087
16114
16141
16168
16194
16219
16244
16269
16293
16319
16344
16369
16394
16418
16444
16468
16493
16520
16546
16574
16602
16629
16658
16686
16714
16741
16769
16795
16822
16849
16876
16904
16930
16957
16985
17011
17039
17064
17089
17115
17139
17165
17189
17214
17240
17264
17289
17314
17339
17364
17389
17415
17442
17469
17497
17524
17552
17581
17608
17636
17662
17689
17717
17743
17771
17798
17824
17852
17879
17906
17933
17959
17986
18011
18036
18061
18085
18111
18136
18160
18186
18210
18236
18262
18288
18316
18342
18371
18399
18426
18454
18481
18508
18535
18563
18589
18616
18643
18670
18698
18724
18751
18779
18805
18832
18856
18881
18907
18931
18956
18981
19006
19032
19056
19081
19106
19132
19159
19186
19213
19241
19269
19298
19325
19353
19382
19408
19436
19463
19489
19517
19544
19571
19598
19624
19652
19679
19706
19732
19758
19783
19808
19833
19858
19883
19908
19933
19957
19983
20007
20033
20059
20085
20113
20140
20168
20196
20224
20252
20280
20307
20334
20362
20388
20415
20443
20469
20497
20524
20550
20578
20603
20629
20654
20678
20704
20728
20753
20779
20803
20829
20853
20878
20903
20928
20953
20979
21006
21033
21060
21088
21116
21143
21171
21197
21225
21252
21278
21306
21332
21360
21387
21413
21441
21468
21495
21521
21545
21571
21596
21620
21646
21670
21696
21721
21745
21771
21795
21821
21849
21875
21903
21931
21959
21986
22012
22040
22067
22094
22121
22148
22175
22202
22230
22256
22283
22310
22337
22364
22388
22413
22438
22463
22489
22513
22538
22563
22588
22612
22638
22663
22690
22717
22744
22772
22800
22829
22856
22883
22910
22937
22965
22991
23018
23046
23072
23100
23127
23154
23181
23207
23234
23259
23283
23309
23333
23359
23384
23408
23434
23458
23483
23508
23533
23561
23587
23614
23643
23670
23699
23727
23754
23781
23808
23835
23862
23889
23916
23943
23970
23997
24025
24051
24077
24103
24128
24154
24178
24203
24228
24253
24278
24303
24328
24353
24378
24403
24431
24458
24485
24512
24540
24568
24595
24623
24649
24676
24704
24730
24758
24784
24811
24839
24865
24893
24920
24946
24973
24998
25024
25049
25073
25099
25123
25148
25174
25198
25226
25252
25279
25307
25334
25363
25390
25417
25444
25470
25498
25525
25552
25579
25606
25633
25660
25688
25714
25741
25767
25793
25819
25843
25868
25893
25918
25943
25968
25994
26021
26048
26075
26103
26131
26160
26186
26213
26241
26267
26295
26321
26349
26376
26402
26430
26457
26484
26511
26536
26563
26588
26612
26638
26662
26688
26713
26737
26763
26787
26812
26839
26865
26893
26920
26949
26977
27004
27033
27060
27087
27114
27141
27168
27195
27223
27249
27276
27303
27330
27358
27383
27409
27435
27459
27485
27509
27534
27559
27584
27609
27634
27659
27684
27710
27737
27764
27791
27820
27847
27875
27902
27929
27957
27983
28010
28038
28064
28092
28119
28146
28173
28199
28227
28253
28279
28304
28328
28354
28379
28403
28429
28453
28479
28504
28529
28557
28583
28610
28639
28666
28694
28721
28748
28775
28802
28829
28856
28883
28910
28937
28964
28990
29016
29040
29065
29090
29115
29139
29165
29190
29215
29240
29264
29290
29315
29339
29366
29392
29420
29447
29473
29501
29528
29555
29582
29608
29636
29663
29690
29717
29745
29771
29798
29826
29852
29880
29906
29933
29960
29985
30012
30036
30061
30087
30111
30136
30161
30186
30212
30237
30264

