
2
3
23
45
67
89
109
133
155
178
201
224
246
270
292
315
338
361
384
407
430
451
473
493
514
535
556
576
598
618
638
660
680
701
721
743
763
784
805
828
850
874
898
921
946
969
994
1018
1043
1069
1093
1118
1143
1168
1193
1218
1243
1268
1293
1317
1343
1367
1391
1414
1436
1460
1482
1505
1528
1551
1573
1597
1619
1642
1666
1688
1711
1736
1761
1785
1812
1838
1864
1890
1915
1941
1966
1991
2016
2040
2066
2091
2115
2141
2165
2191
2215
2240
2266
2289
2312
2335
2358
2380
2404
2426
2449
2472
2495
2518
2541
2564
2587
2611
2635
2661
2685
2711
2738
2763
2789
2813
2838
2864
2888
2913
2938
2963
2989
3013
3038
3063
3088
3112
3138
3163
3187
3210
3232
3256
3278
3301
3324
3347
3369
3393
3416
3438
3464
3488
3513
3538
3564
3591
3615
3640
3665
3690
3715
3740
3765
3790
3815
3840
3865
3890
3914
3940
3964
3989
4012
4034
4058
4080
4103
4126
4149
4171
4195
4217
4240
4263
4287
4312
4337
4362
4388
4414
4440
4466
4492
4517
4542
4567
4592
4617
4641
4667
4691
4717
4742
4766
4792
4816
4841
4867
4891
4915
4939
4962
4985
5008
5030
5054
5076
5099
5123
5146
5171
5196
5221
5246
5273
5299
5325
5351
5376
5401
5426
5451
5476
5500
5526
5551
5575
5601
5625
5651
5676
5699
5723
5745
5768
5791
5814
5836
5860
5882
5905
5928
5951
5974
5997
6020
6043
6069
6093
6119
6145
6170
6197
6221
6246
6272
6296
6322
6346
6371
6396
6421
6446
6471
6496
6521
6546
6569
6593
6616
6638
6662
6684
6707
6730
6753
6775
6799
6821
6844
6867
6890
6915
6939
6964
6989
7014
7040
7065
7090
7115
7140
7164
7190
7215
7239
7265
7289
7315
7340
7364
7390
7414
7438
7462
7485
7507
7531
7554
7576
7600
7622
7646
7668
7691
7714
7738
7762
7788
7813
7837
7864
7889
7915
7940
7964
7990
8014
8039
8065
8089
8115
8139
8164
8189
8214
8239
8264
8288
8311
8334
8356
8380
8402
8425
8449
8471
8494
8517
8540
8562
8586
8609
8634
8659
8684
8711
8736
8762
8788
8813
8838
8863
8888
8913
8938
8963
8988
9013
9037
9063
9088
9113
9138
9161
9185
9207
9230
9253
9276
9298
9322
9345
9367
9391
9413
9436
9459
9482
9505
9531
9555
9581
9607
9632
9659
9684
9710
9735
9759
9785
9809
9834
9860
9884
9910
9934
9959
9985
10009
10036
10062
10087
10113
10137
10162
10187
10212
10236
10262
10287
10312
10337
10361
10387
10413
10439
10467
10493
10522
10550
10577
10604
10631
10658
10685
10713
10739
10766
10793
10820
10848
10874
10901
10929
10955
10982
11008
11032
11058
11082
11108
11132
11157
11183
11207
11232
11258
11285
11313
11339
11366
11395
11422
11450
11476
11503
11531
11557
11585
11612
11639
11666
11693
11720
11747
11774
11801
11827
11853
11878
11902
11928
11953
11978
12003
12027
12053
12078
12102
12128
12153
12181
12208
12234
12263
12291
12319
12346
12374
12400
12427
12454
12481
12509
12535
12562
12590
12616
12644
12670
12697
12724
12749
12775
12800
12824
12850
12874
12899
12924
12949
12975
12999
13024
13049
13076
13104
13130
13158
13187
13214
13243
13271
13297
13325
13351
13379
13406
13432
13460
13487
13514
13541
13568
13595
13622
13648
13673
13698
13723
13748
13773
13798
13822
13848
13873
13897
13923
13947
13975
14002
14028
14056
14084
14112
14139
14166
14193
14220
14247
14274
14302
14328
14355
14383
14409
14437
14464
14490
14518
14543
14569
14594
14618
14644
14668
14693
14718
14743
14769
14794
14821
14849
14875
14904
14931
14958
14986
15012
15040
15067
15093
15121
15148
15175
15202
15228
15256
15283
15310
15336
15361
15386
15411
15436
15461
15485
15511
15536
15560
15586
15610
15637
15664
15690
15718
15746
15774
15802
15830
15857
15884
15911
15938
15966
15992
16019
16047
16073
16101
16128
16154
16182
16207
16233
16258
16282
16308
16332
16357
16382
16407
16433
16457
16482
16507
16533
16560
16587
16615
16644
16671
16700
16728
16754
16782
16808
16836
16863
16889
16917
16944
16971
16998
17025
17052
17078
17103
17128
17153
17178
17203
17227
17253
17277
17303
17328
17352
17378
17402
17428
17456
17482
17510
17538
17566
17594
17622
17649
17676
17703
17730
17757
17784
17811
17839
17865
17892
17920
17946
17974
17999
18024
18050
18074
18100
18124
18149
18174
18199
18224
18249
18275
18302
18329
18356
18384
18412
18441
18467
18495
18522
18548
18576
18603
18630
18657
18683
18711
18738
18765
18792
18819
18845
18870
18895
18920
18945
18970
18995
19019
19045
19069
19095
19120
19145
19173
19200
19227
19255
19282
19311
19339
19367
19395
19422
19449
19476
19504
19530
19557
19585
19611
19639
19665
19693
19720
19745
19772
19796
19821
19847
19871
19897
19921
19946
19972
19996
20021
20046
20072
20100
20126
20153
20182
20209
20238
20265
20294
20321
20347
20375
20402
20429
20456
20483
20510
20537
20564
20591
20617
20642
20667
20692
20717
20742
20767
20792
20816
20842
20867
20892
20917
20941
20967
20993
21019
21047
21073
21102
21130
21157
21184
21211
21238
21265
21293
21319
21346
21373
21400
21428
21454
21481
21509
21534
21560
21584
21609
21635
21659
21684
21709
21734
21760
21784
21809
21835
21862
21890
21916
21944
21972
21999
22027
22053
22080
22108
22134
22162
22189
22215
22243
22269
22297
22324
22350
22377
22402
22427
22452
22476
22502
22526
22551
22577
22601
22627
22651
22676
22704
22730
22758
22786
22813
22842
22870
22897
22924
22950
22978
23005
23032
23059
23086
23113
23140
23168
23194
23222
23247
23272
23298
23322
23347
23372
23397
23422
23447
23472
23497
23522
23546
23574
23601
23628
23656
23684
23712
23740
23768
23794
23822
23848
23875
23903
23929
23957
23984
24010
24038
24065
24091
24117
24141
24167
24192
24216
24242
24266
24292
24316
24341
24367
24391
24417
24444
24471
24499
24525
24554
24582
24608
24636
24663
24690
24717
24743
24771
24798
24825
24852
24879
24906
24933
24961
24986
25012
25037
25062
25088
25112
25137
25162
25187
25211
25239
25266
25293
25320
25348
25376
25403
25431
25457
25485
25511
25538
25566
25592
25620
25647
25673
25701
25728
25755
25781
25806
25832
25857
25881
25907
25931
25957
25981
26007
26035
26061
26089
26117
26144
26173
26200
26227
26254
26280
26308
26335
26362
26389
26417
26443
26470
26498
26524
26551
26576
26601
26627
26651
26676
26701
26726
26752
26776
26801
26826
26852
26878
26906
26934
26962
26990
27019
27046
27073
27101
27127
27155
27182
27208
27236
27262
27290
27317
27343
27371
27397
27423
27448
27472
27498
27523
27548
27573
27597
27623
27648
27672
27698
27723
27751
27778
27804
27833
27860
27889
27916
27942
27970
27997
28024
28051
28078
28105
28132
28160
28186
28214
28240
28266
28293
28317
28342
28367
28392
28418
28442
28467
28492
28517
28542
28570
28597
28624
28652
28681
28707
28734
28762
28788
28816
28843
28869
28897
28923
28951
28978
29003
29029
29053
29079
29104
29128
29154
29178
29203
29229
29253
29279
29303
29328
29353
29379
29406
29433
29460
29488
29514
29541
29569
29595
29623
29649
29677
29704
29730
29758
29785
29812
29839
29865
29893
29920
29947
29973
29999
30025
30050
30074
30100
30125
30150
30175
30199
30225
30251

